13.3094 14.7027 
3.3786 3.3769 
3.368 9.7481 
3.6045 9.0027 
17.2248 16.6088 
3.6133 9.2293 
3.4763 9.6183 
5.3655 4.7088 
4.6107 7.4002 
2.9306 2.8875 
9.3279 8.4614 
3.5928 2.7237 
2.9682 3.1762 
9.3749 6.0678 
4.5917 10.3289 
10.1943 11.6636 
7.7854 9.2156 
3.6011 3.4336 
10.0447 7.6501 
17.2632 17.7834 
10.8466 8.3002 
2.9724 9.3486 
15.2367 15.5881 
15.0935 8.0254 
12.6234 18.7057 
18.155 17.5782 
18.9766 14.5522 
17.7215 18.1006 
6.5832 9.1432 
3.3335 2.4995 
13.7028 16.9117 
1.3367 4.1293 
18.6908 19.7469 
3.0859 8.6722 
10.0712 6.8861 
2.8 10.209 
4.056 2.5559 
4.3416 4.2407 
14.7096 19.659 
8.6084 6.4945 
16.1148 16.8654 
2.6415 7.9335 
18.0449 16.3691 
3.0859 11.1538 
1.4629 9.6155 
8.69 10.2537 
11.3994 4.6127 
2.7986 8.7603 
16.9002 15.4268 
5.5772 4.9302 
5.6418 3.7172 
18.4844 17.0358 
7.2164 11.3962 
9.9445 5.9214 
10.9948 17.8172 
18.4657 16.2907 
15.2142 17.3759 
17.9881 18.4417 
4.5679 5.2686 
16.5834 18.0534 
10.1675 9.6629 
3.789 4.5137 
16.3924 15.8813 
6.3931 7.1901 
10.0476 7.9963 
14.668 16.0171 
1.7834 5.8203 
3.8401 8.3234 
16.5404 15.9027 
15.278 16.3494 
4.9516 4.6462 
11.9859 18.6802 
3.965 3.6189 
18.2239 18.5787 
13.9525 15.1081 
20.6418 15.249 
16.4036 16.6849 
15.2639 18.4033 
2.1935 7.9034 
2.9282 7.4439 
13.8505 16.3854 
14.7058 15.7032 
2.5625 11.2731 
8.0516 10.743 
8.5535 7.3121 
2.6474 4.6857 
3.7645 3.3795 
15.7656 6.3621 
12.4706 15.8034 
13.7031 5.7808 
16.1038 18.993 
5.3988 2.4002 
16.9197 16.6707 
12.3815 17.6372 
3.5364 9.4694 
16.4394 15.7475 
4.4671 8.353 
13.4765 6.1611 
9.4773 11.8201 
2.7969 7.1537 
12.858 13.9868 
3.419 7.0491 
17.2905 17.2615 
10.2008 5.1426 
9.5492 8.1425 
16.6612 19.3746 
16.132 16.7554 
16.6359 5.4549 
11.6127 5.3695 
11.7601 4.4101 
2.2315 9.1428 
3.4899 2.4852 
5.513 4.2983 
6.17 6.1809 
4.8994 4.1067 
16.3752 14.6861 
4.5852 4.778 
3.382 8.2739 
10.427 6.4726 
2.945 8.2037 
2.6781 9.8895 
11.9928 16.3686 
4.8317 7.1148 
14.5332 15.2624 
2.803 5.6689 
3.3869 3.7128 
2.9509 3.6791 
2.3485 7.6443 
2.8358 3.409 
13.9487 14.2067 
8.8623 6.7983 
12.0406 10.5469 
3.4961 3.9403 
4.8174 3.0262 
16.026 16.7756 
10.393 11.7058 
2.9427 5.0055 
12.94 19.4683 
16.275 18.2526 
15.1083 15.1336 
3.111 9.4291 
2.6477 9.587 
15.5598 18.8182 
3.0248 7.5242 
17.8399 19.0529 
9.2433 11.8804 
14.8358 18.9269 
10.3654 7.7518 
3.7776 3.0405 
16.2209 18.0107 
17.9582 16.3628 
15.6826 16.398 
14.9047 17.5641 
17.9903 17.9548 
9.2499 10.4608 
4.5002 8.3482 
17.9437 18.6266 
1.3294 9.1672 
13.0816 18.9488 
11.162 8.3584 
8.2187 5.9524 
10.2822 8.9579 
6.3875 6.6194 
17.0945 18.6058 
14.3998 15.0087 
17.1504 4.7832 
10.9486 4.8521 
3.059 10.3488 
2.5439 10.9227 
2.783 9.5904 
15.942 18.1958 
8.9298 5.4521 
18.8805 20.4152 
3.3113 3.7113 
3.9079 9.3997 
9.0493 10.2835 
19.5794 18.2984 
2.5905 7.2072 
17.0215 15.966 
15.3558 18.8858 
3.4305 3.0826 
17.8122 20.1051 
7.6249 8.5428 
14.6869 3.1651 
2.6514 8.7391 
11.9708 5.8161 
3.4654 4.4466 
9.1333 10.3103 
3.0316 2.8196 
12.4286 3.1933 
8.002 10.2768 
14.9846 5.1418 
14.0219 18.2904 
6.6435 8.494 
10.2624 5.0892 
7.605 14.4937 
13.9138 17.8109 
9.3731 19.897 
6.65 6.8478 
5.3105 4.9497 
16.5196 16.0782 
9.303 9.1683 
6.1607 9.7019 
4.268 8.7957 
7.2441 8.9318 
4.7497 11.2592 
17.4325 13.8098 
3.0547 3.5884 
17.9618 15.8853 
9.1285 6.8214 
17.39 16.5927 
2.1242 8.09 
8.8887 6.8224 
3.3703 4.2589 
1.3347 9.5082 
2.6671 7.5253 
13.0675 7.1533 
12.4914 16.8269 
1.5793 8.3684 
2.3042 8.675 
2.2289 10.0245 
15.414 15.9426 
12.492 18.1419 
15.52 18.7862 
3.8235 3.2902 
17.0954 19.6273 
8.7518 7.4185 
5.8849 3.8877 
6.517 7.9577 
12.9333 18.5368 
15.008 17.604 
4.2197 6.4247 
17.7533 15.706 
10.5842 9.3787 
4.5676 4.213 
2.143 8.2764 
19.6366 18.7527 
17.058 16.4746 
12.413 18.6497 
4.0145 4.4936 
18.7329 15.3646 
4.1042 7.6885 
14.903 5.2615 
3.5903 8.5817 
9.5208 6.2794 
18.1927 17.8421 
18.0593 16.7142 
19.2781 17.9011 
5.4545 4.7209 
2.9048 8.6264 
1.8438 8.7669 
17.0618 15.9648 
14.6056 18.4435 
16.8273 6.5277 
17.1906 15.7075 
2.3405 7.6588 
4.2777 8.276 
7.1782 10.6365 
16.8477 18.9864 
9.1901 4.9157 
8.8992 10.1354 
7.9299 10.1761 
5.3399 6.997 
3.3469 8.18 
16.454 18.3576 
10.9215 9.4097 
3.1379 2.6141 
4.5376 4.6124 
19.7579 17.1861 
17.2778 15.4493 
6.6449 8.8562 
3.7673 3.1705 
3.9124 8.1464 
2.9719 8.6404 
3.7452 5.5441 
19.6111 19.7671 
15.0083 13.2616 
15.9662 16.4866 
16.0588 14.983 
4.124 9.8472 
3.5066 9.2493 
14.3048 15.74 
13.5001 17.1521 
2.588 10.2075 
7.3688 9.6772 
4.2078 3.3899 
4.9216 5.0702 
17.3135 16.6275 
4.9109 4.7374 
2.1992 5.608 
8.2808 6.5675 
2.6558 3.788 
16.9611 15.9599 
2.0475 10.6019 
2.4809 8.3454 
3.8338 9.1739 
12.6329 18.561 
1.726 7.085 
16.0174 16.5973 
3.0763 5.1554 
11.8805 3.3556 
15.8004 14.2064 
17.2265 14.8092 
17.6962 14.8575 
9.0349 8.1256 
12.976 2.4425 
15.2454 19.1132 
13.8242 5.7151 
13.2444 16.0665 
2.9772 7.0853 
16.6175 15.7697 
13.6378 12.8818 
2.3924 9.759 
3.8546 8.9766 
16.5275 20.7537 
6.1217 2.5305 
2.7809 10.1225 
4.5752 8.3758 
16.1964 4.6425 
3.2541 8.8525 
10.9392 3.7672 
5.8283 6.8141 
9.0038 9.1817 
2.6062 9.7477 
2.8247 8.1892 
5.0006 3.2122 
18.046 15.7111 
16.9251 17.374 
19.6313 16.0608 
17.998 18.6934 
13.9549 19.4927 
4.3849 5.0525 
3.4983 8.949 
16.9575 15.6621 
7.4777 8.1119 
6.0278 10.3741 
17.2136 16.3503 
4.6183 7.3929 
3.275 8.3818 
16.0117 22.3176 
8.8646 7.7823 
4.5647 3.5548 
8.0761 9.2119 
9.3448 4.6842 
13.7172 18.5007 
11.7976 16.5489 
3.6316 4.7562 
13.0517 17.4778 
16.3442 16.074 
3.4848 9.8199 
10.3237 12.9374 
10.0693 11.1003 
3.693 3.6597 
15.7941 16.226 
12.0547 4.1842 
4.9838 3.7334 
9.4654 6.0402 
3.2313 10.1444 
11.2886 6.6314 
17.1244 15.7528 
9.8636 11.6059 
14.3192 16.4147 
13.8388 19.9491 
4.8378 5.3846 
12.0603 16.2708 
4.3482 7.5463 
3.2852 4.6087 
15.2681 19.0233 
2.0237 7.3319 
2.2081 11.6794 
5.1855 9.7405 
3.8743 7.5021 
15.4486 14.3475 
5.042 4.7369 
18.6275 12.2733 
8.9318 10.0826 
15.3868 4.3921 
2.9387 3.6843 
2.043 9.1472 
14.0824 15.808 
2.8664 9.1298 
10.7526 9.218 
17.1914 17.5802 
5.8182 3.8776 
16.1592 16.8205 
5.1267 4.9763 
9.873 4.9759 
1.2706 8.13 
13.2152 5.4338 
14.5158 20.2041 
2.4243 7.8811 
17.2831 15.5352 
15.0281 18.3769 
15.4978 15.3832 
1.9662 9.0034 
3.8435 4.7802 
16.2636 14.8947 
16.1082 15.0782 
2.7126 8.1912 
13.9639 5.5989 
12.748 6.1179 
17.1416 17.8159 
2.5995 8.0366 
3.8916 4.2694 
4.8058 4.5703 
13.2669 5.2577 
10.709 4.7412 
2.5574 8.2529 
4.1349 9.9996 
14.9631 17.7088 
14.4196 4.5437 
10.9503 19.7626 
12.1946 5.6602 
3.2871 4.3427 
16.7084 18.4998 
9.1885 8.126 
9.0764 12.27 
5.6731 8.7378 
3.99 3.6983 
4.2716 3.6771 
11.0987 16.8886 
4.165 5.0184 
17.9522 16.4958 
4.9594 3.8749 
4.8062 4.7049 
16.7394 18.2571 
19.7246 19.0655 
20.6096 19.4156 
8.2571 11.1162 
9.7605 8.2702 
10.7351 7.9209 
14.6755 19.1105 
15.8359 17.7779 
16.5085 20.3256 
11.2952 15.9781 
15.123 15.7379 
13.3611 16.8931 
2.7102 8.7819 
18.3225 18.3061 
14.7849 16.5061 
3.4742 8.2294 
14.1884 18.1098 
10.6013 7.5613 
8.8266 9.7725 
11.212 9.2049 
7.6063 11.6737 
14.6505 17.5534 
4.5702 8.71 
15.6739 4.665 
14.13 19.3221 
4.0854 2.5804 
15.493 18.2741 
9.0661 10.9407 
2.5632 10.5389 
16.4733 18.2755 
15.5126 19.4209 
4.0611 3.8092 
13.1133 10.06 
10.9545 12.3564 
16.5416 18.4443 
10.9298 9.4446 
15.1246 14.0529 
2.3226 9.3009 
16.8159 18.1708 
2.7829 4.0124 
14.7019 16.0173 
15.4486 20.248 
18.1213 17.9949 
2.081 8.1555 
18.6399 20.0101 
16.6449 13.9766 
11.6209 10.9456 
4.2441 3.6846 
13.0209 15.9218 
19.1278 19.1044 
12.4468 7.9041 
10.8126 8.0388 
11.8362 10.9159 
8.1658 9.248 
12.2966 18.1569 
13.3324 19.8453 
9.9261 11.0009 
14.24 5.8724 
14.845 18.9331 
4.2149 5.7716 
4.3115 3.2177 
16.7401 17.2966 
14.7284 15.3163 
13.1589 15.2955 
10.1584 6.2608 
13.6616 16.5283 
4.4023 3.6255 
17.0456 17.1052 
18.183 15.4479 
3.5852 9.6579 
13.4184 4.232 
8.017 10.2325 
6.8401 5.8657 
14.1256 16.4289 
13.62 13.8953 
3.5707 10.9177 
16.3233 16.9214 
2.2496 7.7981 
13.4335 15.8236 
8.5544 10.3222 
2.6118 3.2281 
10.3689 9.2841 
3.3968 2.9779 
2.0265 8.2736 
14.3993 17.4819 
4.0987 6.89 
8.3123 10.353 
7.3121 4.8675 
3.4933 5.1095 
11.6925 5.0009 
9.5184 15.845 
15.0225 15.5677 
14.2454 18.0013 
2.6292 9.4263 
15.7946 18.5822 
1.5224 7.6652 
18.9242 15.2149 
13.4557 14.191 
2.4042 9.3997 
15.8335 15.257 
14.0431 18.6622 
15.6605 16.8821 
4.4292 4.1509 
3.4359 10.9273 
3.3124 10.0601 
4.1152 10.4504 
3.3323 7.5096 
4.6638 4.6711 
8.2413 8.7711 
13.6138 4.9408 
13.8129 15.8992 
2.5192 8.874 
19.8175 18.334 
4.6512 4.2315 
3.5321 5.5989 
19.9943 16.3091 
21.1551 17.5607 
14.5312 18.6774 
8.5447 11.3179 
4.3667 5.5002 
2.7474 4.5282 
20.1581 15.6717 
18.1903 15.8589 
13.7729 15.2181 
3.3885 3.2554 
18.7013 17.7958 
4.1034 9.2877 
11.8767 14.2239 
6.0552 2.3653 
2.9792 9.4924 
7.4127 12.4787 
3.3937 4.375 
10.4949 8.1194 
9.2074 10.3681 
9.1495 9.1096 
2.3623 7.0853 
2.7076 6.0819 
2.3225 9.3305 
4.137 4.6518 
11.3479 7.2078 
15.9365 16.3083 
15.5224 17.0245 
2.0267 9.2629 
16.6994 20.1799 
8.4623 5.6197 
14.9669 16.9495 
15.4946 17.3248 
3.6344 4.1536 
12.8994 17.5276 
16.0314 16.2067 
3.6554 10.3778 
3.8745 4.7769 
3.8863 7.9357 
11.5964 16.3292 
20.3324 14.7615 
16.6942 20.5183 
14.2146 17.0759 
14.9114 19.1548 
16.68 15.5402 
3.1888 5.4383 
15.4758 14.8468 
14.055 15.9886 
3.7731 4.1092 
14.7676 19.3882 
15.2164 17.7521 
15.8306 17.9124 
14.8152 16.2471 
10.5318 5.1741 
18.3152 18.4327 
5.9549 10.1165 
18.472 14.8726 
16.0132 16.375 
3.1324 9.3049 
2.6723 9.1133 
4.6445 9.4924 
9.9898 8.1686 
14.3597 5.1351 
4.6082 3.876 
7.7651 10.9803 
16.5586 17.2139 
13.7288 19.3349 
2.9255 7.1463 
16.1402 15.8234 
5.0605 2.5373 
16.6976 17.896 
15.3296 15.8517 
13.4071 3.8634 
5.6419 4.9957 
3.8147 3.8531 
1.7015 8.8179 
10.0893 7.5111 
3.2502 10.8841 
10.8441 8.8712 
12.0538 5.96 
15.517 17.3794 
14.3691 17.3559 
3.9398 7.2212 
3.6203 7.3886 
16.9287 18.4038 
8.8245 7.9973 
16.6529 16.6402 
15.6885 18.061 
15.2864 19.0288 
4.6137 2.8361 
15.1333 16.7803 
3.4765 3.5714 
3.4763 7.3406 
5.0799 3.5316 
5.0739 3.8147 
3.4208 5.9707 
3.453 8.9787 
17.3114 19.9935 
3.0909 0.9781 
11.0294 4.6221 
15.518 15.5701 
6.6375 7.6123 
18.5993 16.6018 
18.1208 15.8813 
15.5602 17.6271 
9.5582 11.1003 
4.4233 7.7966 
18.8302 17.9066 
2.1496 9.4977 
17.7355 15.8107 
16.6999 14.576 
2.617 10.1129 
6.5532 10.5137 
4.4699 4.8524 
14.3038 15.7809 
2.6037 9.6816 
10.4038 9.3224 
12.9849 18.9796 
2.8884 3.1558 
15.0882 15.6995 
5.9632 4.3957 
17.5657 16.0593 
3.6028 4.9823 
2.7478 11.4777 
12.1324 2.8189 
13.833 17.8163 
17.3987 17.2931 
2.923 4.9159 
4.676 9.2251 
16.2241 4.6691 
16.0131 15.4773 
15.2338 17.9872 
14.53 17.4954 
9.5384 7.1331 
16.013 6.2831 
1.8748 5.4665 
2.109 2.799 
17.3058 16.0278 
7.4634 9.2389 
18.8148 14.9403 
11.8556 15.3993 
16.9585 19.5477 
13.5305 17.6624 
15.0835 10.2755 
2.7362 7.5585 
11.3592 4.1478 
1.7259 7.7981 
2.7367 5.0626 
5.565 4.6703 
2.5494 8.7102 
9.6203 6.5732 
4.3352 6.5499 
3.4683 9.3593 
3.4471 10.0498 
8.3351 12.1462 
21.4137 18.6852 
3.7696 2.8294 
2.7414 7.5895 
16.8651 16.4978 
4.8897 8.0346 
4.2998 3.4814 
15.7987 17.6644 
13.5193 18.2843 
10.989 8.0342 
12.7505 5.7634 
16.784 16.4701 
11.8132 9.4863 
4.7571 2.6432 
13.0661 17.5262 
14.6701 16.8912 
18.2357 16.6521 
4.0782 8.2164 
1.6168 9.3335 
8.2428 12.276 
13.7064 17.8447 
10.3306 6.9853 
8.4726 10.6215 
5.995 9.2433 
14.7597 13.7367 
14.7724 14.5407 
15.6274 15.0253 
2.8859 7.9777 
10.4657 7.4692 
19.2342 19.6895 
14.4361 16.2541 
2.4547 9.0851 
4.0924 4.3098 
2.8539 7.7212 
3.5511 5.2069 
13.6847 4.8921 
14.2316 6.2437 
3.4704 7.9828 
3.8338 4.1005 
12.3749 6.2443 
15.9219 15.6937 
19.2003 14.812 
4.0072 3.6177 
11.7128 4.3567 
2.7311 4.2804 
2.6164 5.0136 
8.7 9.0243 
7.6037 8.0165 
18.0901 16.9962 
13.9501 17.645 
5.152 7.7086 
13.9 16.6014 
2.7885 7.0526 
22.3743 17.574 
16.6865 18.0147 
7.2551 8.1207 
2.7514 7.0377 
17.3798 13.274 
1.8433 7.7525 
5.1996 3.6038 
19.6104 15.6313 
4.6101 4.0851 
7.9782 8.2861 
6.675 8.4696 
14.4283 3.8975 
14.2569 18.6479 
16.2002 15.8429 
14.2035 16.8135 
13.382 6.0548 
13.3251 16.6989 
5.987 4.3357 
14.2714 11.8601 
3.3569 7.765 
19.5113 15.2496 
16.025 15.8835 
3.1434 10.4356 
12.4681 8.8495 
3.0505 5.1475 
13.4402 4.4556 
1.6221 10.8946 
2.7885 8.6044 
11.0484 6.7257 
3.255 3.5566 
9.1529 8.222 
12.9658 4.5273 
2.7212 9.7643 
18.2946 16.6867 
5.3578 4.495 
16.4959 18.6434 
15.8175 17.9563 
14.8857 13.528 
5.1983 10.1346 
4.3555 6.8119 
4.974 3.2907 
6.5908 7.8719 
3.6289 4.7961 
17.2585 13.7743 
16.1036 17.8551 
3.0192 8.3594 
2.8435 4.2084 
15.3052 14.9201 
19.8651 17.5295 
4.0827 3.9949 
3.6301 4.0268 
9.4057 9.0889 
3.3185 9.9195 
2.7772 6.401 
20.7278 17.307 
4.5045 11.8237 
2.6132 3.5163 
7.4818 4.678 
0.9701 9.9666 
3.0167 9.4957 
3.4435 2.1199 
9.7695 6.6996 
15.9074 14.4247 
4.9664 5.0868 
8.8787 6.3907 
7.123 9.8461 
14.656 17.1617 
11.1396 16.7179 
2.9938 6.4315 
3.1979 7.1862 
9.7971 9.1585 
15.3097 13.6128 
5.9916 10.7589 
3.3148 9.4262 
1.5403 8.1718 
17.2287 17.1695 
7.2795 9.2654 
4.6375 3.3714 
9.1899 8.5338 
12.3267 6.0842 
14.3606 16.389 
3.3728 9.1846 
11.5665 17.2079 
14.8611 18.54 
16.0967 16.2806 
5.2028 8.8592 
14.5434 5.9386 
12.9472 8.9695 
17.7468 16.7083 
11.1026 9.5896 
8.5307 11.1911 
3.8351 8.2626 
23.4986 17.4213 
17.4227 15.5864 
13.2254 5.5225 
16.9911 18.3221 
16.9992 18.1612 
5.5671 8.1402 
11.7248 8.7113 
4.8944 4.1388 
14.1014 15.8345 
3.1024 6.5176 
5.4309 10.6417 
1.0114 7.0023 
15.591 17.6847 
11.8878 12.858 
19.1404 17.0989 
2.3237 7.419 
3.2961 9.1417 
13.0833 16.7807 
20.3504 17.0388 
15.3017 17.6309 
4.1877 3.198 
14.9786 15.8619 
3.1657 8.255 
1.0857 8.9575 
2.351 4.0018 
15.5577 18.8896 
16.0597 18.2714 
15.2408 14.2364 
5.7895 2.5974 
4.386 3.8347 
2.3525 2.4189 
3.5336 9.7112 
19.0053 16.5228 
10.5131 8.7699 
4.976 9.3498 
14.0013 16.5899 
3.74 8.9006 
4.1754 5.3939 
1.7244 8.6464 
12.6629 6.427 
3.7475 8.1118 
3.1253 3.1857 
17.0098 15.1674 
4.2805 4.6293 
9.1849 12.4865 
8.1481 6.9013 
17.8159 17.1914 
13.2917 5.9596 
18.8225 17.2802 
20.7936 18.3264 
2.7578 4.3622 
15.3951 17.4791 
4.7355 6.7717 
12.6145 17.9966 
8.4672 13.4704 
4.4319 4.8303 
9.0788 11.1277 
18.2858 17.2106 
3.4859 3.1839 
5.6005 7.6558 
16.2875 16.2597 
12.5093 5.2698 
3.6109 4.2482 
15.4322 18.6181 
2.5069 10.5801 
10.0572 9.141 
14.9149 16.0955 
15.6558 18.447 
3.3554 11.8483 
18.3342 16.5635 
3.6199 2.7818 
12.8175 8.8064 
14.3282 5.4477 
3.5373 6.4739 
2.5748 11.3818 
2.6194 5.8807 
14.9382 16.7527 
14.4189 18.2918 
20.9415 19.2143 
7.5802 8.6441 
3.7269 4.4213 
15.2799 20.0481 
1.8 8.6681 
13.7159 19.1996 
16.0393 13.7774 
3.0447 10.0296 
3.5564 6.5729 
3.259 4.827 
1.1234 10.5104 
4.4608 2.762 
13.7474 14.0471 
2.6467 9.498 
3.3072 4.6564 
5.4071 11.4631 
16.3597 16.2236 
16.8195 17.1956 
16.5665 16.1535 
2.5363 4.1481 
16.7379 17.0848 
11.5028 6.3152 
7.2644 7.4541 
4.5356 2.8432 
4.5236 3.1836 
2.8802 8.4822 
17.7673 18.585 
10.0679 4.0084 
13.43 16.6864 
10.5101 8.405 
3.7753 9.0443 
15.8764 14.3137 
11.948 4.1485 
19.8477 15.4656 
17.4393 16.6237 
15.9339 19.7978 
16.5501 18.6107 
4.0916 3.2488 
3.4275 3.9539 
16.2411 19.3579 
11.3104 3.944 
2.1766 11.0571 
12.095 20.5844 
15.0666 15.51 
4.2358 4.0847 
13.4231 16.3412 
11.0351 6.4306 
3.5861 11.9204 
3.8467 9.0781 
14.8041 16.4903 
2.8221 9.7731 
3.1105 6.8648 
2.8116 10.279 
2.9467 2.6501 
13.036 18.3107 
3.8034 8.1653 
4.8339 3.3582 
15.991 15.3511 
18.8905 18.0646 
4.6961 4.2607 
15.8611 17.5688 
17.7022 15.8374 
12.4914 7.3713 
5.3795 4.2237 
2.7454 4.4264 
13.9316 14.966 
8.5361 9.8221 
15.1373 18.4973 
16.3346 16.8072 
15.701 17.5772 
13.9228 16.172 
13.0041 5.991 
11.3232 6.7644 
14.2702 4.056 
7.0867 10.184 
5.4703 4.4237 
4.4519 11.2933 
9.8421 10.2123 
3.6922 8.9694 
18.5628 19.2156 
4.9295 3.9386 
14.51 17.0538 
4.1516 3.7331 
14.7026 17.9099 
15.9195 19.297 
15.0007 17.7682 
13.1345 15.0856 
18.6492 17.5177 
15.4131 17.8646 
13.1124 20.574 
12.0902 4.8674 
14.0498 17.0903 
3.903 3.0073 
3.8544 4.1562 
4.3667 3.6416 
14.8841 19.356 
2.2197 7.267 
3.7513 7.7202 
3.9664 3.5412 
4.1344 2.8096 
3.3247 4.9419 
13.3085 5.3923 
3.8027 3.4262 
3.0839 5.3139 
10.3399 10.3653 
2.5218 8.8256 
4.6463 3.4441 
15.741 19.1977 
12.3444 4.7636 
8.2052 12.9028 
2.7464 7.3597 
13.4497 5.3739 
4.3464 4.3426 
13.5005 5.7075 
1.4551 10.6784 
19.5916 19.3243 
15.326 18.2783 
1.6881 7.4576 
3.8492 7.4506 
13.2312 18.0298 
10.4024 7.3436 
16.2572 17.3005 
22.4035 18.1371 
1.2757 9.666 
8.103 7.9933 
3.2261 10.8604 
16.9015 15.6273 
2.5438 9.0691 
11.8685 7.9584 
4.3051 1.9941 
11.24 5.3278 
15.6953 17.9167 
5.9664 7.9596 
18.3439 15.8336 
4.7414 10.2431 
11.066 10.0283 
3.8674 9.1782 
8.031 8.0984 
3.0966 6.8399 
12.4311 6.5325 
16.4762 20.8824 
9.8229 9.4418 
5.3853 8.2601 
4.2069 9.633 
13.4528 5.4787 
14.5312 17.9524 
2.7509 8.932 
12.5778 6.2668 
2.739 10.1958 
16.1833 14.9787 
3.8103 5.5563 
14.4657 17.3901 
2.6043 10.7036 
3.4704 10.6686 
17.8344 19.5852 
4.708 4.4366 
4.1798 4.4377 
3.4532 4.4749 
12.966 19.1991 
3.8219 3.4848 
5.2717 2.9059 
14.3568 15.4974 
6.7941 6.7346 
4.7532 5.4009 
8.8914 6.2408 
4.1368 4.16 
13.4925 14.837 
3.6391 4.2902 
9.8777 3.4081 
1.2819 8.1483 
19.5901 21.2684 
1.684 5.8302 
3.6793 4.3599 
11.4807 16.2374 
14.7539 5.2435 
17.5808 17.1536 
3.7129 5.12 
17.6103 19.918 
18.1564 16.9688 
11.2223 3.9536 
14.7816 6.6662 
20.6308 17.1297 
18.4005 15.8969 
16.1157 17.6873 
11.957 5.7494 
22.8158 17.1532 
2.2209 9.6499 
9.9126 5.8 
2.4986 11.514 
14.229 17.5126 
4.4386 3.1831 
3.2968 7.1691 
0.3583 9.2083 
2.6634 5.3889 
11.1775 14.4332 
13.4797 6.0871 
18.4528 16.1737 
17.7718 18.285 
11.8417 4.719 
3.8014 8.9509 
5.2603 4.2407 
5.2244 4.4932 
2.9303 10.0934 
16.3886 13.4028 
15.5622 15.8609 
14.6512 4.7199 
0.6875 9.4605 
2.5461 6.2568 
8.8601 8.7791 
11.3959 19.4025 
11.0754 19.1308 
2.2399 9.2413 
2.5731 3.4198 
16.1162 14.1833 
19.1728 15.8881 
12.8364 6.0368 
17.69 18.8691 
7.895 9.8254 
11.774 18.6625 
18.8637 17.4935 
21.6419 16.7827 
16.4057 15.5472 
12.9041 8.4543 
4.3062 5.3037 
17.1764 17.6551 
2.793 3.4189 
17.1572 18.4243 
11.3157 16.7564 
13.1575 17.4042 
3.2298 3.3936 
16.5169 15.3483 
18.7171 18.8434 
13.2684 5.1196 
3.6527 10.1393 
1.1601 10.0197 
4.2105 7.6942 
11.4581 6.0152 
9.9084 9.7422 
9.6196 9.2594 
13.9806 16.6973 
14.4991 12.299 
2.6159 9.8271 
14.4097 19.4108 
2.3694 12.3829 
9.8057 6.7227 
16.1835 5.8871 
4.4216 2.7797 
19.4118 18.4766 
0.0483 6.5972 
17.737 16.2613 
20.552 17.6139 
19.7938 16.7877 
15.4167 17.831 
14.6259 18.7712 
15.7412 16.7599 
3.933 4.243 
4.1913 3.2623 
15.569 14.7735 
4.8812 2.4797 
5.3417 2.6329 
18.1669 17.5055 
3.2909 8.6711 
16.5863 16.5004 
4.2488 2.5176 
14.3288 4.4959 
6.9384 6.603 
14.8546 21.0887 
8.3112 7.8824 
0.5467 8.1041 
20.367 15.8754 
4.0609 3.8334 
15.3353 15.8628 
16.4231 17.4496 
3.4107 8.3106 
13.9695 14.8708 
10.2376 8.2622 
16.1343 18.8112 
3.9443 4.1388 
7.8571 9.4202 
13.6922 5.2379 
4.1246 3.0098 
10.3885 10.5961 
3.4395 7.6981 
11.8746 19.7799 
10.6586 11.0337 
17.3282 17.0742 
11.7848 8.7958 
12.7193 4.6696 
15.9135 17.2212 
14.369 18.2655 
2.9524 10.4809 
14.7291 18.0959 
17.6833 15.4331 
8.9462 11.7914 
2.9491 3.0128 
3.2337 8.4306 
16.0463 18.0721 
20.1299 15.0594 
18.2336 18.6518 
2.1224 10.801 
13.0362 17.7544 
9.4884 10.5452 
17.5774 15.1693 
15.4649 15.8387 
2.9143 4.2221 
9.9599 9.8694 
2.8525 9.5206 
16.6913 16.9317 
14.3114 13.8137 
12.4475 4.6187 
14.96 17.6628 
12.9101 6.5906 
11.7757 8.6749 
4.8018 9.4759 
3.2508 3.2942 
3.3728 7.0024 
15.5954 16.0616 
2.295 8.4681 
14.8055 18.6717 
9.5959 7.8324 
13.0222 14.7988 
15.1291 13.456 
18.311 18.2191 
2.8121 6.7166 
15.5409 17.7008 
9.5912 12.4877 
19.6098 20.2597 
4.7554 6.6146 
4.9211 3.8736 
3.259 4.5629 
12.2617 4.8093 
4.0003 6.6625 
11.2451 5.0508 
0.3966 8.5257 
7.7525 8.5275 
3.7838 4.5139 
15.3089 3.6203 
7.0834 3.7058 
17.9425 14.4397 
11.314 9.3817 
16.0962 16.0934 
15.6367 16.6104 
15.7517 18.8427 
15.6067 17.2097 
3.9987 2.7665 
11.6306 4.7494 
3.4355 4.6701 
4.2012 12.0667 
4.6272 4.9603 
3.8241 3.2583 
16.965 17.6777 
4.928 4.5525 
16.6965 18.7448 
14.9017 20.2695 
16.6653 16.9344 
12.016 6.0341 
18.087 17.3176 
16.2242 16.8058 
10.9421 6.0671 
2.4877 5.3272 
18.428 14.8808 
5.0068 11.165 
4.4057 3.467 
9.728 12.6302 
12.5512 16.5088 
4.4441 9.1241 
9.03 5.6701 
6.9751 9.7645 
16.7228 18.9936 
9.3624 9.7352 
2.8547 8.8094 
5.1017 10.2869 
3.0448 4.3281 
2.9928 7.6163 
2.5262 10.1303 
3.0586 5.1077 
11.9091 4.7649 
15.0926 18.8236 
13.3235 14.8324 
17.2377 14.8074 
14.542 6.4227 
18.6518 17.6323 
16.2981 18.2154 
16.2583 18.8448 
11.1855 6.3572 
4.8074 4.3109 
7.8608 9.0591 
2.8137 4.2683 
8.2052 8.5368 
18.4907 15.4537 
16.5335 18.038 
14.424 4.3871 
1.2532 8.8964 
5.3 4.0068 
15.2563 17.9034 
5.8028 8.6745 
10.0467 8.4587 
1.4548 8.6202 
14.4986 16.218 
5.5855 9.7356 
3.1147 11.3818 
9.904 10.3227 
16.2689 19.826 
11.1505 5.5071 
15.5602 14.0219 
4.0925 6.6045 
14.9924 17.2367 
3.3655 2.9662 
1.6308 8.092 
18.1087 17.6527 
13.8604 13.176 
17.3146 16.7498 
16.5852 16.0701 
7.0849 7.4073 
6.7112 4.3087 
9.841 6.9133 
20.0456 16.3537 
2.4658 8.1709 
2.7373 5.702 
3.5695 7.656 
11.1689 5.0121 
14.2585 5.3757 
2.4549 8.0189 
15.3329 18.0645 
5.1809 9.0475 
13.0447 15.1315 
3.6639 8.4776 
6.1208 3.9273 
5.8038 2.1139 
17.9468 19.3995 
4.4085 7.7128 
2.2969 8.8964 
14.2357 5.2958 
13.8189 5.4348 
11.9645 18.7671 
20.7502 18.5951 
3.3914 8.1798 
16.5065 19.1558 
3.5332 11.6092 
9.6668 10.4433 
13.7174 15.6772 
6.0933 8.1862 
14.7514 17.0455 
10.4921 4.4017 
3.4692 11.223 
13.3229 4.7157 
8.7772 9.3331 
9.3842 11.4128 
13.6518 16.9774 
11.6868 5.722 
4.3713 4.4298 
16.4012 14.2974 
4.043 7.2851 
13.6177 16.3409 
18.9454 15.1612 
13.0126 16.0717 
2.8515 9.6783 
16.8199 12.8236 
4.7332 4.8756 
3.1645 9.2119 
13.7283 19.1165 
16.4494 15.7458 
4.747 2.61 
3.2659 5.7574 
8.0093 6.5107 
3.4575 7.3555 
20.1736 17.1448 
18.0257 14.0606 
14.5153 19.0577 
4.6892 7.5365 
20.506 14.7461 
13.0779 18.5194 
4.1897 8.705 
3.9962 3.1092 
11.1709 9.8569 
3.6399 7.9279 
9.4993 10.8019 
3.7424 3.2886 
4.1522 3.314 
3.9223 3.3382 
14.2011 15.9552 
9.0442 12.1498 
13.2379 13.9528 
2.1202 8.3504 
14.2612 18.3039 
4.9291 3.5163 
13.704 13.9714 
8.9738 8.0442 
9.797 7.1247 
8.8318 10.989 
3.9708 8.3233 
11.8344 8.757 
5.0147 4.6073 
4.6524 3.3744 
10.3038 7.34 
5.1916 4.2718 
3.8532 9.0671 
15.8818 19.3319 
9.1606 5.5316 
13.3042 4.6701 
3.3852 10.1891 
3.6854 3.8499 
8.6644 12.2261 
8.8566 8.0415 
17.3371 14.9607 
15.4743 17.3316 
13.3509 17.9416 
4.5425 2.9801 
2.9966 3.6656 
16.9065 15.3226 
6.5746 9.2569 
14.847 16.7776 
10.1696 8.4315 
3.5665 9.7962 
16.7734 16.0912 
4.305 5.8983 
15.4368 16.5527 
18.7551 15.4435 
2.9601 9.9749 
10.8797 8.9823 
12.3113 9.8682 
2.9551 2.0943 
14.6078 16.1487 
14.6951 5.3051 
11.215 17.1218 
15.2894 15.3235 
12.7417 19.7667 
15.1239 2.2692 
14.9249 14.2485 
18.01 16.7705 
17.6646 20.1008 
19.4118 15.4411 
8.6487 11.5653 
7.3439 10.7384 
18.1386 18.2336 
3.2095 8.1892 
16.1589 18.4994 
6.6715 10.8742 
4.2404 5.1186 
10.9829 4.7875 
15.4006 16.4499 
12.2589 17.7742 
11.0084 19.1227 
4.2348 5.7227 
14.1104 14.3995 
14.035 6.638 
4.3465 8.8697 
6.1638 6.0119 
19.1963 16.3394 
3.5713 1.9612 
18.9158 15.0714 
4.3605 3.5207 
3.2297 7.9513 
2.9598 10.1217 
8.4984 11.141 
3.2746 4.5958 
16.779 15.6603 
3.2691 8.4748 
4.1629 7.3571 
17.0734 16.461 
4.7861 2.9105 
17.3147 18.042 
1.9902 9.6588 
2.8458 5.7404 
1.0314 3.9173 
3.0686 4.2302 
14.9052 5.5374 
4.6291 4.5049 
3.1125 5.1919 
13.3532 16.4501 
0.848 8.737 
15.0728 14.6969 
5.388 3.0892 
12.9415 16.318 
14.8129 6.3784 
2.9154 7.9256 
13.1707 17.3941 
2.7526 12.9936 
12.8356 3.5068 
4.3239 3.5464 
4.91 3.2623 
12.2105 16.1189 
8.9057 9.2201 
17.0633 18.2461 
8.8335 9.2667 
7.5502 7.1913 
10.6552 9.2393 
3.5836 10.2931 
15.4876 15.5651 
2.663 7.6864 
2.6386 9.9199 
17.3543 16.386 
3.8306 2.9838 
16.3754 18.0814 
3.1853 6.7866 
10.0711 16.5386 
9.8502 12.0682 
10.4454 5.9885 
9.2277 9.2655 
12.4929 15.0418 
1.4353 9.3063 
16.1717 19.9133 
16.2207 16.3758 
3.1649 7.9903 
2.2959 4.8615 
12.591 4.2771 
3.3879 3.7794 
4.5295 8.5096 
11.7603 11.4882 
9.3939 9.142 
19.0494 15.1104 
14.9513 17.6076 
3.8474 2.4379 
7.9632 6.891 
13.8421 17.2872 
9.7637 10.5515 
14.742 17.5081 
14.255 19.5312 
16.9157 15.4584 
16.9973 15.8236 
1.7911 11.024 
10.9815 21.1982 
9.8823 10.4892 
16.1974 19.0345 
3.4985 2.9124 
13.3736 9.7698 
3.2438 8.3736 
15.3476 16.9863 
12.3863 7.4473 
16.8003 16.8573 
2.7808 4.8556 
12.8982 19.0283 
2.4975 8.9597 
11.7388 3.8204 
15.3335 15.6414 
13.0784 3.8113 
5.3825 7.1566 
16.9618 19.2297 
2.7876 2.4513 
4.9907 4.2311 
7.6169 10.3223 
11.8166 8.3439 
20.0121 17.6303 
4.9101 8.7694 
7.8789 6.0464 
17.8906 18.822 
16.1879 16.9095 
16.4117 18.2855 
13.4298 5.4345 
3.3284 5.4039 
4.9456 3.1723 
15.7169 6.0656 
17.3803 17.201 
6.2406 10.0216 
16.7387 15.4838 
5.9673 2.469 
12.0694 4.2716 
9.5445 4.4526 
5.3636 4.1745 
14.0389 16.3302 
17.6498 14.6996 
8.4825 10.5897 
3.8477 3.9748 
17.5329 18.0824 
10.9744 6.6149 
11.1604 9.4019 
16.7021 16.7643 
4.3146 3.6903 
14.8617 15.1839 
4.1487 4.1553 
3.833 6.027 
1.6379 9.156 
15.7736 17.8225 
17.0709 20.1921 
2.6545 4.2708 
14.9939 17.8865 
11.1894 4.3298 
13.3712 18.113 
1.9424 10.3363 
3.3571 8.2943 
2.2384 5.1633 
14.0194 18.2687 
17.7159 17.523 
2.0946 4.1397 
8.2505 9.8839 
2.0072 10.8357 
3.1732 8.2339 
16.4345 16.174 
15.6267 18.7142 
13.2845 13.112 
8.3585 3.9979 
3.7481 2.9528 
16.0789 15.6613 
16.941 19.1253 
4.6577 4.2638 
16.1435 19.1639 
15.7373 17.7806 
10.9165 10.5401 
12.2745 15.2436 
13.3767 15.2812 
1.5887 9.2539 
15.0547 18.1791 
7.8728 7.5626 
4.0858 6.971 
16.0698 17.8188 
3.3483 2.954 
9.3182 9.6968 
12.1648 4.9834 
4.2947 11.2674 
18.8242 15.9546 
4.0783 7.5708 
5.817 3.0538 
5.2372 3.8937 
9.0939 9.8883 
13.9994 17.1721 
4.174 4.3123 
10.8917 9.7308 
2.5274 8.7548 
4.2245 4.522 
3.4384 11.8902 
5.2034 5.1933 
5.0363 3.5431 
1.6175 6.3326 
10.8905 17.1302 
3.0526 8.7831 
15.881 17.6268 
15.9515 18.8136 
14.8426 5.408 
2.3513 9.5802 
15.5973 16.9914 
4.0118 2.5889 
17.1284 17.9498 
10.1765 8.2248 
3.4799 9.8934 
16.1614 5.1334 
4.1307 3.5782 
18.3875 17.0796 
14.7678 20.6288 
3.6364 6.3743 
5.4352 3.9741 
4.0643 9.8116 
16.4777 16.2311 
3.5845 4.5674 
3.3061 3.2092 
12.7905 9.5551 
16.7115 20.3914 
15.5676 15.8772 
15.0093 18.8551 
6.8602 14.1846 
19.427 16.2303 
1.4318 0.821 
10.563 8.9066 
10.1112 8.5069 
15.363 17.8488 
19.0682 17.1927 
3.2622 3.5283 
2.9504 9.4731 
2.4354 12.2045 
18.2587 17.9822 
15.2202 16.2729 
16.7583 19.3758 
3.9617 7.4904 
9.0693 6.7818 
4.5749 2.4149 
19.2205 19.0112 
13.8571 4.3576 
10.7078 11.2246 
3.0116 8.2881 
3.4514 2.5787 
4.7394 3.864 
7.9635 13.1978 
17.5653 16.1074 
4.502 2.7948 
9.1706 10.2767 
2.2843 8.8056 
17.6676 13.472 
15.7485 17.1848 
8.6097 4.9349 
17.2712 16.3687 
3.695 5.3731 
16.0149 17.3269 
13.4748 13.0396 
4.8165 2.6614 
3.1134 3.4881 
17.4601 16.1888 
15.3535 16.6091 
8.3625 13.2804 
2.8824 10.2082 
2.7575 10.1176 
19.3014 15.3287 
16.3159 16.4276 
4.5694 4.5479 
18.1698 13.5215 
1.7738 9.8049 
14.1322 18.0047 
3.3144 9.8527 
18.2127 14.0532 
14.8677 15.7511 
17.2529 14.1791 
4.7109 3.1682 
11.2411 8.8172 
2.9757 3.7427 
9.6354 7.6768 
3.8938 3.7649 
3.8435 3.0081 
4.5631 9.1566 
8.853 5.4509 
11.7148 9.1571 
3.4818 8.9767 
15.3262 17.3048 
13.0904 18.3009 
11.6407 4.7427 
4.9234 3.3313 
13.1513 3.4689 
14.3069 15.665 
4.9198 3.4178 
19.9924 15.7516 
4.0104 10.3223 
5.5297 4.4831 
3.5103 3.4138 
13.0241 17.0005 
3.2058 8.804 
17.6632 16.8437 
6.2386 6.7093 
9.5333 12.3872 
15.7859 16.1118 
4.8256 3.5911 
3.1988 8.9024 
16.4597 17.2399 
3.738 4.4509 
10.7205 16.1702 
9.2817 6.0209 
4.9851 3.7974 
16.7049 16.6228 
15.8469 18.0441 
15.6077 18.6751 
13.7193 16.8029 
10.0436 5.3365 
16.4034 16.3542 
2.7563 5.3709 
15.6456 13.1515 
11.3874 3.4632 
11.7418 8.5378 
17.0693 13.7189 
10.3025 2.467 
2.3406 12.7744 
4.502 3.2561 
14.3756 17.0453 
7.567 10.5436 
17.3275 18.0786 
16.449 17.7422 
15.8911 4.4956 
12.7668 14.0851 
3.8566 3.9354 
4.5355 4.3074 
16.1042 16.3231 
14.8871 17.9809 
20.5107 18.299 
9.2774 7.7528 
11.2213 5.3981 
4.746 4.5583 
19.6106 15.1219 
2.9567 3.8349 
8.4815 8.9526 
2.4246 4.6083 
19.6166 17.7201 
16.4318 15.703 
16.2043 19.7548 
14.1763 15.4039 
14.726 17.934 
3.379 7.8094 
14.5743 14.4516 
15.7793 17.9931 
17.8928 14.358 
3.3663 3.8036 
13.357 5.1371 
17.1537 15.451 
14.3844 14.6798 
8.0217 9.1345 
11.2016 9.6835 
12.1688 19.5226 
3.7054 10.1098 
4.1573 9.6343 
4.828 3.9525 
19.1808 18.1775 
5.5972 4.5583 
10.702 4.53 
14.1505 17.2597 
4.3319 3.8757 
18.0776 14.7045 
15.3754 16.6436 
5.8036 8.8205 
7.1807 11.7795 
2.833 11.2715 
14.8179 20.2453 
3.1282 3.9868 
3.7217 10.6191 
1.9504 7.2942 
4.0738 3.5656 
6.9043 9.5119 
17.1778 16.1854 
13.9171 5.4708 
5.9201 7.7222 
16.0184 14.7207 
3.5847 7.0993 
12.5696 4.0841 
16.0016 19.8954 
12.8811 13.0945 
15.2977 4.053 
2.8915 9.46 
3.4748 4.9101 
9.0336 8.9771 
4.183 4.2637 
15.8763 14.5758 
15.2575 18.4862 
11.8745 13.5819 
4.5714 6.0347 
3.4952 9.3432 
16.9295 13.399 
19.5045 17.7876 
8.7089 11.5078 
9.4567 11.1905 
6.8071 6.6803 
15.9939 5.6705 
15.3883 17.1853 
5.0272 4.6184 
19.5154 20.9886 
8.2546 11.3453 
1.7559 7.6017 
15.6241 17.7737 
11.9767 4.6177 
2.1037 9.8746 
2.8695 8.0173 
17.6665 17.893 
2.0238 9.4726 
4.0253 5.1768 
16.0021 15.0499 
6.0296 7.3761 
8.5369 10.8795 
16.1624 4.5438 
12.1433 17.3941 
2.7714 9.3537 
3.3382 3.6445 
11.3127 9.149 
10.8614 11.2551 
8.2713 7.0872 
15.9908 6.0503 
14.6311 16.3103 
4.1668 3.6984 
15.6279 18.4003 
4.3263 4.8679 
1.4707 9.8334 
12.5267 8.5213 
13.9156 18.7017 
3.7278 3.9865 
11.501 8.3382 
3.3991 9.3682 
4.6848 5.4949 
18.5519 17.8874 
7.2939 3.1875 
3.1858 7.202 
3.7434 3.8665 
8.0259 11.6857 
18.5452 16.0518 
16.9853 17.1611 
13.5778 15.1032 
13.5091 6.8666 
16.9797 14.2099 
9.7294 6.0135 
16.3486 14.3697 
5.0559 2.3709 
4.9071 6.9853 
2.1573 8.3193 
3.0853 10.6109 
7.7066 11.201 
5.2061 3.4811 
4.345 9.6825 
9.043 5.987 
3.8261 8.0677 
3.6817 2.7345 
11.8298 5.0964 
14.0111 20.8455 
2.3995 8.197 
2.6687 10.0479 
2.0288 10.6829 
3.4826 5.0501 
13.4916 15.9268 
4.2039 12.8863 
5.4979 4.9776 
11.9468 5.7353 
9.0169 8.6425 
7.0489 7.4511 
11.6004 4.8878 
8.6282 5.9351 
14.4158 18.527 
1.9193 9.5493 
3.3092 5.0489 
18.2657 17.9825 
14.2299 18.9996 
14.5747 4.7692 
9.5513 10.2034 
16.6792 16.802 
13.2744 11.5327 
4.7846 9.3104 
17.2039 17.3896 
14.9349 19.7141 
3.5855 12.0661 
13.2133 14.4188 
13.8282 15.5383 
12.85 17.5444 
3.2471 12.0616 
13.0544 16.7761 
2.2635 3.905 
10.5536 8.5583 
2.121 4.7752 
2.8452 4.0122 
17.8983 16.4267 
15.0046 18.9161 
13.6543 14.357 
16.523 5.6286 
13.7333 4.3169 
4.0397 3.7169 
5.0342 3.1207 
4.6958 4.4071 
3.2079 11.7474 
7.1965 8.8794 
12.5363 5.246 
11.6657 7.5287 
20.3347 19.0047 
12.8716 17.1945 
2.3007 8.7385 
18.2562 18.4361 
17.8344 16.4878 
3.8797 3.7629 
2.5934 4.9935 
14.245 18.9972 
2.7666 8.5554 
2.1399 10.9367 
8.0559 9.6908 
3.4937 10.6215 
2.5521 5.2038 
17.7795 18.3249 
5.7118 12.7344 
4.5327 3.4774 
7.7637 10.6831 
18.427 12.8225 
5.6155 4.1275 
18.8578 14.1058 
8.1487 12.2108 
3.8012 4.247 
2.0438 8.9121 
3.3328 4.7299 
7.7312 9.8818 
15.1847 15.1806 
15.4204 16.0188 
4.3338 2.4686 
2.64 9.8954 
3.7439 3.0604 
15.8396 19.2418 
12.6259 4.9408 
3.0251 9.755 
7.5548 11.4984 
7.0857 10.7813 
3.7285 10.9696 
1.7932 7.6707 
18.4669 17.5429 
17.1522 15.5472 
10.0473 6.6744 
2.9427 6.3307 
13.5249 17.2809 
2.4425 10.2121 
6.0436 4.6128 
12.6997 17.185 
1.4024 7.9906 
3.9569 5.8562 
18.8358 16.5926 
17.8643 15.5013 
15.5949 17.4009 
7.1934 5.0681 
2.5729 8.8793 
9.9291 5.463 
4.1841 6.4017 
6.8081 7.6898 
16.372 17.4738 
